cam0:
  camera_model: pinhole
  intrinsics: [609.01167, 608.65230, 330.24276, 239.89753]
  distortion_model: plumb_bob
  distortion_coeffs: [0.15473, -0.32080, -0.00095, 0.00514, 0.00000]
  resolution: [640, 480]
  rostopic: /camera/color/image_raw
  tagtopic: /detector/tags
  rig_body: rig
