cam0:
  camera_model: pinhole
  intrinsics: [655.16692, 655.05981, 301.81363, 268.97370]
  distortion_model: plumb_bob
  distortion_coeffs: [0.15372, -0.46262, -0.00078, -0.01220, 0.00000]
  resolution: [640, 480]
  rostopic: /camera/color/image_raw
  tagtopic: /detector/tags
  rig_body: rig
